#1#19370#1005262001#1#000050500#000060499#81
81193700000101275112
81193700000099540929
81193700000101763185
81193700000100126619
81193700000096335018
81193700000097314877
81193700000097742668
81193700000098236945
81193700000098605347
81193700000100879859
81193700000098605347
#2#18063#1005262001#2#000050500#000060499#88
88180630000009708727
88180630000009785343
88180630000009460925
88180630000009256283
88180630000010030995
88180630000010012875
88180630000007777246
88180630000007933721
88180630000008241888
88180630000010030995
#3#18062#1005262001#3#000050500#000060499#88
88180620000000470479
88180620000000399996
88180620000000399996
88180620000000409056
88180620000000399996